     1   1.00000E-05    2.53990E-04
     2   2.53990E-04    7.60220E-04
     3   7.60220E-04    2.27690E-03
     4   2.27690E-03    6.32470E-03
     5   6.32470E-03    1.23960E-02
     6   1.23960E-02    2.04920E-02
     7   2.04920E-02    2.55000E-02
     8   2.55000E-02    3.06120E-02
     9   3.06120E-02    3.55000E-02
    10   3.55000E-02    4.27550E-02
    11   4.27550E-02    5.00000E-02
    12   5.00000E-02    5.69220E-02
    13   5.69220E-02    6.70000E-02
    14   6.70000E-02    8.19680E-02
    15   8.19680E-02    1.11570E-01
    16   1.11570E-01    1.45720E-01
    17   1.45720E-01    1.52300E-01
    18   1.52300E-01    1.84430E-01
    19   1.84430E-01    2.27690E-01
    20   2.27690E-01    2.51030E-01
    21   2.51030E-01    2.70520E-01
    22   2.70520E-01    2.90740E-01
    23   2.90740E-01    3.01120E-01
    24   3.01120E-01    3.20630E-01
    25   3.20630E-01    3.57670E-01
    26   3.57670E-01    4.14990E-01
    27   4.14990E-01    5.03230E-01
    28   5.03230E-01    6.25060E-01
    29   6.25060E-01    7.82080E-01
    30   7.82080E-01    8.33680E-01
    31   8.33680E-01    8.76420E-01
    32   8.76420E-01    9.10000E-01
    33   9.10000E-01    9.50650E-01
    34   9.50650E-01    9.71000E-01
    35   9.71000E-01    9.92000E-01
    36   9.92000E-01    1.01370E+00
    37   1.01370E+00    1.04270E+00
    38   1.04270E+00    1.05250E+00
    39   1.05250E+00    1.06230E+00
    40   1.06230E+00    1.07220E+00
    41   1.07220E+00    1.09870E+00
    42   1.09870E+00    1.12540E+00
    43   1.12540E+00    1.16640E+00
    44   1.16640E+00    1.30790E+00
    45   1.30790E+00    1.45740E+00
    46   1.45740E+00    1.59490E+00
    47   1.59490E+00    1.72610E+00
    48   1.72610E+00    1.85539E+00
    49   1.85539E+00    2.10243E+00
    50   2.10243E+00    2.38237E+00
    51   2.38237E+00    2.69958E+00
    52   2.69958E+00    3.05902E+00
    53   3.05902E+00    3.46633E+00
    54   3.46633E+00    3.92786E+00
    55   3.92786E+00    4.45085E+00
    56   4.45085E+00    5.04348E+00
    57   5.04348E+00    5.71501E+00
    58   5.71501E+00    6.47595E+00
    59   6.47595E+00    6.86800E+00
    60   6.86800E+00    7.33822E+00
    61   7.33822E+00    8.31529E+00
    62   8.31529E+00    9.42245E+00
    63   9.42245E+00    1.06770E+01
    64   1.06770E+01    1.20987E+01
    65   1.20987E+01    1.37096E+01
    66   1.37096E+01    1.55350E+01
    67   1.55350E+01    1.76035E+01
    68   1.76035E+01    1.99473E+01
    69   1.99473E+01    2.26033E+01
    70   2.26033E+01    2.56129E+01
    71   2.56129E+01    2.90232E+01
    72   2.90232E+01    3.28876E+01
    73   3.28876E+01    3.72665E+01
    74   3.72665E+01    4.22285E+01
    75   4.22285E+01    4.78512E+01
    76   4.78512E+01    5.42225E+01
    77   5.42225E+01    6.14421E+01
    78   6.14421E+01    6.96230E+01
    79   6.96230E+01    7.88932E+01
    80   7.88932E+01    8.93978E+01
    81   8.93978E+01    1.01301E+02
    82   1.01301E+02    1.14789E+02
    83   1.14789E+02    1.30073E+02
    84   1.30073E+02    1.47392E+02
    85   1.47392E+02    1.67017E+02
    86   1.67017E+02    1.89255E+02
    87   1.89255E+02    2.14454E+02
    88   2.14454E+02    2.43008E+02
    89   2.43008E+02    2.75364E+02
    90   2.75364E+02    3.12029E+02
    91   3.12029E+02    3.53575E+02
    92   3.53575E+02    4.00653E+02
    93   4.00653E+02    4.53999E+02
    94   4.53999E+02    5.14449E+02
    95   5.14449E+02    5.82947E+02
    96   5.82947E+02    6.60565E+02
    97   6.60565E+02    7.48518E+02
    98   7.48518E+02    8.48182E+02
    99   8.48182E+02    9.61117E+02
   100   9.61117E+02    1.08909E+03
   101   1.08909E+03    1.23410E+03
   102   1.23410E+03    1.39842E+03
   103   1.39842E+03    1.58461E+03
   104   1.58461E+03    1.79560E+03
   105   1.79560E+03    2.03468E+03
   106   2.03468E+03    2.30560E+03
   107   2.30560E+03    2.61259E+03
   108   2.61259E+03    2.96045E+03
   109   2.96045E+03    3.35463E+03
   110   3.35463E+03    3.80129E+03
   111   3.80129E+03    4.30743E+03
   112   4.30743E+03    4.88095E+03
   113   4.88095E+03    5.53084E+03
   114   5.53084E+03    6.26727E+03
   115   6.26727E+03    7.10174E+03
   116   7.10174E+03    8.04733E+03
   117   8.04733E+03    9.11882E+03
   118   9.11882E+03    1.03330E+04
   119   1.03330E+04    1.17088E+04
   120   1.17088E+04    1.32678E+04
   121   1.32678E+04    1.50344E+04
   122   1.50344E+04    1.70362E+04
   123   1.70362E+04    1.93045E+04
   124   1.93045E+04    2.18749E+04
   125   2.18749E+04    2.47875E+04
   126   2.47875E+04    2.60580E+04
   127   2.60580E+04    2.80879E+04
   128   2.80879E+04    3.18278E+04
   129   3.18278E+04    3.60656E+04
   130   3.60656E+04    4.08677E+04
   131   4.08677E+04    4.63092E+04
   132   4.63092E+04    5.24752E+04
   133   5.24752E+04    5.94622E+04
   134   5.94622E+04    6.73795E+04
   135   6.73795E+04    7.63509E+04
   136   7.63509E+04    8.65170E+04
   137   8.65170E+04    9.80366E+04
   138   9.80366E+04    1.11090E+05
   139   1.11090E+05    1.25881E+05
   140   1.25881E+05    1.42642E+05
   141   1.42642E+05    1.61635E+05
   142   1.61635E+05    1.83156E+05
   143   1.83156E+05    2.07543E+05
   144   2.07543E+05    2.35177E+05
   145   2.35177E+05    2.66491E+05
   146   2.66491E+05    3.01974E+05
   147   3.01974E+05    3.42181E+05
   148   3.42181E+05    3.87742E+05
   149   3.87742E+05    4.39369E+05
   150   4.39369E+05    4.97871E+05
   151   4.97871E+05    5.64161E+05
   152   5.64161E+05    6.39279E+05
   153   6.39279E+05    7.24398E+05
   154   7.24398E+05    8.20850E+05
   155   8.20850E+05    9.30145E+05
   156   9.30145E+05    1.05399E+06
   157   1.05399E+06    1.19433E+06
   158   1.19433E+06    1.35335E+06
   159   1.35335E+06    1.53355E+06
   160   1.53355E+06    1.73774E+06
   161   1.73774E+06    1.96912E+06
   162   1.96912E+06    2.23130E+06
   163   2.23130E+06    2.52840E+06
   164   2.52840E+06    2.86505E+06
   165   2.86505E+06    3.24652E+06
   166   3.24652E+06    3.67879E+06
   167   3.67879E+06    4.16862E+06
   168   4.16862E+06    4.72367E+06
   169   4.72367E+06    5.35261E+06
   170   5.35261E+06    6.06531E+06
   171   6.06531E+06    6.87289E+06
   172   6.87289E+06    7.78801E+06
   173   7.78801E+06    8.82497E+06
   174   8.82497E+06    1.00000E+07
   175   1.00000E+07    1.10000E+07
   176   1.10000E+07    1.20000E+07
   177   1.20000E+07    1.30000E+07
   178   1.30000E+07    1.35000E+07
   179   1.35000E+07    1.37500E+07
   180   1.37500E+07    1.39400E+07
   181   1.39400E+07    1.42000E+07
   182   1.42000E+07    1.44200E+07
   183   1.44200E+07    1.46400E+07
   184   1.46400E+07    1.50000E+07
   185   1.50000E+07    1.60000E+07
   186   1.60000E+07    1.70000E+07
   187   1.70000E+07    2.00000E+07
